train_net: "train.prototxt"
test_net: "test.prototxt"
test_iter: 42
test_interval: 378
base_lr: 0.00999999977648
display: 100
max_iter: 3780
lr_policy: "inv"
gamma: 9.99999974738e-05
power: 0.75
momentum: 0.899999976158
weight_decay: 0.000500000023749
snapshot: 1000
snapshot_prefix: "lenet"
solver_mode: CPU
